960
1000000
1890
151200
25600
1960
3456
457481
56
225792
8640
52800
19800
5184
19
32400
442368
19008
47628
1836
53
31200
7560
113
38
243000
81000
26460
20736
5625
45
29400
32076
52920
5
4733
9240
52488
216
81920
99840
31590
949106497
16320
17424
70235461
102
26880
1920
12288
16
1500
18240
1680
29120
4539685
9504
2618049
104
65
473
11340
302400
70560
36283838
1632
66150
179200
8
57624
32640
168000
77760
912
331776
393660
3157819
58320
2100
194400
111
7776
13680
17550
12348
135
2268
26
5200
118263990
47
35503
64680
2160
1056
697106497
57600
105840
18000
6552
71
4480
1260
517759
38400
954158175
2352
6720
11664
33401221
43200
42105
44800
85712697
241920
37800
69984
362880
180000
459270
139968
131
51030
116
311040
28512
409342369
41472
2200
46
314928
66
252000
13056
42
11264
90720
6400
105600
22500
696
34
4896
2730
79200
3600
60480
248832
8064
118800
129
21
1800
29160
117
163296
35280
5721
25
2906162
61966
18432
13500
989447237
43740
2376
176400
28080
276480
49392
32000
71280
129600
22848
85
47040
19200
441
16128
18720
5400
64922375
24
70000
138240
934
3780
77
29484
999999998
24696
15680
86400
301056
3864
7938
48510
39600
345600
655360
17136
2025
3960
121500
16464
7389
99
3312
7920
92160
78750
5250
2
46080
583200
96228
307200
5304
48
153600
57024
368640
8748
281250
112896
510205
9600
12870
87480
1701
10800
792
1764
23100
36864
259200
42336
50000
4800
65610
59400
65536
49000
8000
80640
94
14560
162000
10240
14336
133650
124416
21000
55296
107520
2592
1249
100800
39936
56700
89600
122877509
981028563
83
14
14040
112
27216
244944
25490988
69120
28800
23
40824
270000
8448
29700
50400
672
900360029
33600
53760
432000
21383
85536
640
67200
9425
20000
5657
11
61740
15840
1520
64800
11016
13860
12000
1100
4374
279936
6804
14688
174960
20
211680
44928
559
40320
2340
8550
34848
122880
16380
3072
19656
16800
59136
673921
33792
13230
118
7200
38016
787320
233280
2016
967669583
13122
2720
163840
32670
665
96000
64152
4312
47958485
320
51840
16000
1000000000
6000
472392
129024
108000
2000
74880
291600
200000
27184698
1615
2880
132300
1584
414720
21870
91
78000
5000
1323
3000
994617
92400
2940
17920
101
61440
102060
12150
21952
84240
16224
8100
986129769
699840
22464
18816
52416
24480
192000
126720
135000
62208
104976
198450
1134
54600
2520
75
21384
20160
75264
1008
27456
4050
6541551
336000
4000
20592
8424
938017885
482421315
10752
27720
75600
108
32
7025
536870912
256000
2156
7296
27000
60000
810
466560
57
15390
5044
4032
93
67
587234
430080
3584
9216
122
115200
32768
67893369
1824
816
5073
360000
660
118272
262440
30973
4608
12768
391
5600
2310
322081025
126
2304
11232
15288
235200
94080
4704
23040
70200
55
15552
998506315
646
700
4725
49280
8347
22
519
9827
226151256
2070
12096
362
38880
95256
107
49920
8320
67500
268800
68040
141120
72
33696
1600
48600
20480
214573
98304
42000
50688
30030
725573
17640
7
5824
17
92317161
10000
72900
15400
5280
375000
1386
101250
405000
84000
786432
18480
19440
983900459
364500
52
7390
128000
80
4788
324000
1215
32805
540
21600
3696
103680
125440
8250
73
209952
460800
109
63180
123480
294912
8660
34560
4620
6480
8772
10560
94770
5940
6930
2560
999999999
4160
142560
245760
105
306180
33108
164640
3510
50
70400
131980
30240
110250
2688
4914
36
10500
5808
11000
300
81
193
7056
136080
24576
546750
43
45000
127
68
34300
916855204
3509575
28000
49896
7290
6399199
128
4680
688978813
8826131
349920
236250
5040
6037
98415
17820
621008
134400
31500
23760
90
56448
2430
42768
7040
89100
396
4943
1001604
12800
85881
12672
14700
813
125
74
5616
194241
25920
1
132000
96768
9408
57344
170
3528
22680
45360
21840
2403381
2640
282791
3168
85050
170100
3024
1728
524288
15876
21504
49500
74088
184320
281
8208
115
95
87
4200
131220
42755209
72576
40
51
3
58054077
9000
38497
22950
95040
1904
124
7680
63
180
48384
91857
14400
969
70
630
86016
89
633
81648
17280
3564
10260
393216
84
3240
12240
641
37
6
4560
127008
86
33
98
165888
103
13440
625433749
491520
189
119
2600
48000
80949857
1671
202500
322560
501
71805
31104
15120
92
230400
192
112000
5346
8015864
84579
2707
614400
1741
23232
922505446
30
4536
58800
54000
653477439
64
524880
864
207360
961175759
48238
64512
2250
32256
217728
16524
474
420
216000
186624
3264
157464
6765
7455307
60
69888
30720
53940
224
121
72000
46464
34111
900
24192
518400
63360
589833267
47473
3645
78
66528
41600
8372259
58
1440
9
12544
110
4488
204120
105000
82268566
76
999999937
40960
408240
93312
120
8316
123
9450
145152
181440
8400
5120
622080
373248
96
11085765
2736
7897861
97
54
20328
31680
24750
6075
50544
288000
9489
288
33750
405
476014
150528
546
35100
7785
1048576
746803744
31752
221184
193536
62
76032
13
805306368
2431
63504
196608
323
1620
49
957262828
99000
215040
480000
257
395
16200
340200
9800
926315427
182250
8960
964532929
10
23814
73728
106
59
150000
7128
1817
7392
567
28672
147456
4320
2097152
361
14112
76800
3900
22176
1530
31
23328
155520
1001
13824
2400
4752
94500
468
10368
18
5297
79548
1512
144000
35640
768
169344
79
5767201
82944
42120
589824
142884
25200
15750
576
1848
5760
3375
49152
110592
486000
35
4158
904152917
120000
161280
41580
6300
29952
4655
100696425
83160
54432
10080
8976
300000
116640
23115571
9180
388800
3371
34020
998244353
56160
4410
6750
9900
145800
43680
168960
24300
4
1944
5376
29250
448
28
160
115248
782
172032
552960
12960
63000
8624
226800
504
8087519
15
54880
7500
69
21168
97200
67584
108864
3120
432255
346742385
5601
88
9100
37440
23400
88704
3360
10710
34944
6840
44
84480
201600
5520
114688
40950
24000
9409159
25002
240000
44550
987
4675
29
