965
122
5040
105600
6600
17136
4158
2940
2352
2268
25600
1512
23232
589833267
19008
118800
7560
1836
13860
35100
87480
21600
409342369
864
151200
75264
7680
31200
8826131
81
4675
69120
19200
69984
18816
504
65610
147456
72000
23040
95040
4488
38497
83160
10240
70560
5808
5400
23115571
72576
994617
83
24480
18720
80640
51
64512
1520
64800
912
43680
9409159
48
132300
93312
279936
105
787320
135
50544
64152
7938
3600
31590
67200
13500
44550
122877509
1615
48238
45
257
8015864
176400
6804
169344
216000
17550
2430
115248
281
94
294912
46
22848
5616
524880
2100
126720
621008
6552
7200
54600
1741
132000
1960
120
186624
4788
13680
3360
180
6075
96000
70235461
43200
26880
587234
10368
12672
5044
142560
67500
15288
66150
491520
6
67584
38400
6930
2376
112896
150000
121500
145152
2592
288000
200000
6720
119
34560
56160
614400
48384
8424
5200
168960
64922375
8000
21504
28080
8250
1848
4374
1100
84240
109
49000
50
52920
49
396
91857
101
10000
362
33108
79548
13056
340200
57024
7056
29952
36
138240
934
3864
1249
179200
189
236250
961175759
30973
16128
44928
10752
32076
5721
25
35640
134400
75600
74880
126
805306368
7776
85712697
38
29120
810
29400
226800
165888
270000
672
63000
987
14688
49280
108864
567
76
7290
43740
22
30720
8100
5520
31680
432000
10
4320
85050
314928
7455307
98415
36283838
84
3024
21840
457481
9240
182250
24750
11232
630
27720
20
92317161
36864
583200
954158175
3375
322081025
81920
81648
67
460800
4620
116
16800
3528
76800
969
129
110
983900459
768
540
235200
2000
4050
67893369
129600
56700
998244353
1001604
725573
24192
14040
58320
8347
216
102
80949857
21000
77
97200
697106497
576
6300
59136
122880
4
900360029
46080
34848
64680
125440
3000
13230
4733
4480
48600
5657
7025
11
10800
63360
57
244944
52416
16000
10710
4914
170
8660
786432
8624
5250
393216
18000
12288
69888
472392
256000
97
15840
87
1386
180000
1764
957262828
79
34020
466560
8316
7785
34300
68040
17
31752
142884
5073
989447237
1728
336000
59
47473
29250
19656
136080
11016
653477439
54000
938017885
65
245760
107520
55296
94500
241920
155520
307200
30
57344
12096
13440
5376
48000
31
34
9800
395
17920
641
51030
193
21384
70400
625433749
2707
8
45360
17424
4032
16224
2906162
1500
6000
5760
163296
63
3371
345600
211680
139968
184320
61440
49392
259200
28000
1701
118263990
700
215040
71
17640
15750
12000
37
25920
44800
20592
74088
5120
986129769
5
430080
82
281250
78000
8448
112000
86400
13
103
524288
47628
904152917
16380
43
5346
141120
226151256
8550
57624
30030
18480
1671
52
6541551
209952
432255
89600
192
35503
16
24696
192000
65536
518400
221184
4608
1440
16524
32805
94080
111
10080
25200
63180
3584
9216
29700
4200
41600
53
40950
288
104976
207360
12150
12870
163840
15390
50000
168000
204120
1680
32640
2736
322560
1048576
90
92160
4680
33696
54
6480
14336
58
448
7920
5940
108
501
160
10560
62208
999999998
5297
673921
25490988
10500
5824
47
2160
1001
72900
14560
5280
55
9450
7500
510205
164640
15
6037
4560
52800
364500
665
33792
108000
21
3264
9180
123
85
3780
70
546750
62
50688
42768
26
131220
2156
181440
88
68
22464
8772
96768
311040
45000
442368
60
94770
640
51840
1620
14
4160
4536
3900
49500
201600
225792
7897861
47958485
40320
39600
131980
27184698
110250
23400
3960
14256
84579
302400
40824
9408
31500
9425
33750
414720
2070
1260
243000
23328
2600
1920
22950
20480
3
17280
5767201
2640
11264
80
816
217728
41472
101250
646
7128
981028563
57600
1584
306180
11000
98304
9
42
56448
32
2304
368640
10260
1008
2730
224
105000
3456
346742385
2618049
813
125
331776
4943
4725
61966
135000
13122
96
79200
2431
21383
5600
29
999999999
486000
2403381
32400
476014
37440
23814
9504
61740
5304
104
15876
349920
2
153600
473
6399199
3312
63504
24300
20000
3168
115
32000
655360
40
1824
4704
2340
21952
49896
1904
6750
1000000
300
22680
23100
76032
2025
114688
2560
32256
86
5184
482421315
44
633
42000
1323
214573
23
1890
2720
82268566
233280
12240
8372259
85536
33
27216
268800
8640
98
128
162000
60480
18240
60000
84480
118
59400
107
12544
2688
3510
1215
7390
15400
5625
12960
73728
42336
9827
30240
75
589824
13824
17820
20328
92400
11085765
4000
194241
9100
971866761
7
19
53760
42105
91
35280
16464
282791
77760
480000
8064
110592
21870
39936
420
28800
127
3120
40960
4410
559
3240
25002
391
2520
474
2880
131
46464
202500
900
118272
93
15552
78750
12768
41580
194400
18432
3696
320
746803744
8320
20160
42755209
16320
7392
105840
660
24
696
29484
123480
373248
1600
3072
24000
15680
699840
133650
8400
34944
11664
2250
72
103680
967669583
468
459270
552960
8208
1944
3157819
95256
23760
74
71280
14112
21168
170100
47040
11340
150528
64
112
48510
14400
27000
230400
14700
49152
32670
38016
1134
102060
121
37800
196608
86016
53940
38880
58800
117
6765
56
161280
127008
19800
12348
276480
4752
375000
8960
964532929
4539685
6400
9600
115200
100800
2097152
28672
1817
9000
2200
29160
5016
92
1632
34111
28512
7296
2310
22176
1530
405000
99000
96228
49920
517759
2400
324000
26460
85881
113
18
252000
546
90720
3509575
70200
54880
70000
89
58054077
145800
361
405
262440
22500
998506315
248832
31104
120000
1000000000
28
922505446
300000
35
240000
393660
82944
362880
16200
4655
7040
949106497
193536
301056
54432
9489
7389
66
116640
33600
360000
388800
1800
144000
926315427
19440
4896
24576
1
52488
124
20736
9900
50400
157464
33401221
536870912
688978813
4312
291600
84000
782
95
408240
15120
441
198450
8976
71805
8087519
89100
99
27456
69
174960
172032
88704
3645
73
129024
519
8748
5601
128000
100696425
622080
999999937
792
12800
78
6840
32768
106
1056
2016
81000
3564
99840
5000
42120
124416
66528
4800
916855204
323
